12 16 17 19 26 28 29 35 39 40 60 62 64 65 67 68 76 77 81 86 89 95 105 113 115 116 119 124 125 126 127 135 136 140 146 149 150 159 165 178 180 188 189 190 191 192 195 196 198 199 205 206 207 209 210 213 214 219 222 228 234 259 267 280 282 285 286 287 288 291 292 294 308 309 310 318 319 327 328 329 331 332 333 342 347 349 359 360 362 363 364 365 367 369 371 372 375 376 378 380 390 399 401 403 404 405 411 422 426 427 431 442 444 459 461 462 466 469 481 483 489 491 492 494 497 498 499 502 506 508 516 524 525 527 541 544 545 550 555 556 567 568 570 582 585 586 590 592 619 622 628 634 715

2 3 27 41 42 71 72 107 108 177 191 200 201 208 224 225 229 236 237 238 239 256 262 263 269 270 272 273 274 296 297 324 336 337 362 364 366 390 391 406 407 413 416 429 442 445 447 449 450 452 453 460 467 468 471 472 473 478 480 487 490 505 513 525 555 561 562 575 581 582 583 590 593 594 603 611 615 616 618 627 639 642 643 650 661 662 663
35 40 45 46 105 115 124 136 172 180 183 184 198 202 203 211 212 220 230 231 239 244 245 264 265 295 300 301 313 315 325 338 339 340 343 344 381 382 384 389 415 416 420 424 425 434 448 454 474 485 505 519 522 528 529 533 536 538 539 545 546 551 553 554 557 579 595 596 597 598 599 606 610 612 613 621 625 629 638 641 646 649 652 659 660 663 665 666 667 668 670 675 676 677 680 682 689 690 691 692 693 694 697 701 703 704 706 707 709 712 713 716 722 726 728 730 735

0 1 4 5 6 7 10 11 12 13 14 15 18 19 24 25 30 31 32 33 36 37 38 43 44 47 48 49 50 51 52 53 54 55 56 57 58 59 65 66 69 70 75 78 79 80 81 82 83 84 87 88 91 92 93 94 97 98 99 100 101 102 103 104 109 110 111 112 113 114 117 120 121 122 123 128 131 132 133 134 137 138 139 141 142 143 144 147 148 151 152 153 154 156 157 158 160 161 162 163 164 166 167 168 169 173 174 178 179 181 182 186 187 193 194 197 204 215 216 217 218 219 226 227 233 235 240 241 242 243 246 247 248 249 250 251 252 253 257 258 260 261 266 271 275 276 277 278 279 283 284 288 289 290 293 298 299 302 303 304 305 306 307 309 311 312 314 317 321 325 327 334 335 341 346 348 351 352 353 361 369 370 373 374 377 383 385 386 387 392 393 394 395 397 408 409 417 418 419 428 432 433 435 437 439 440 441 446 451 454 455 456 457 465 469 475 476 477 484 493 495 503 504 507 511 512 517 521 527 530 531 534 537 540 542 558 564 572 584 585 592 609 631 653 658 685 687 688
17 21 40 60 61 63 65 73 74 95 96 125 126 129 130 140 141 144 145 146 150 151 165 170 171 192 195 198 199 222 223 228 232 234 242 267 280 281 282 285 286 288 291 292 302 309 316 325 342 345 349 350 365 368 369 379 388 399 405 414 418 436 444 458 461 469 479 481 489 501 508 509 510 527 535 545 549 560 565 572 577 585 592 604 605 619 632 633 650 681
16 17 19 35 51 57 77 87 105 113 115 119 121 140 144 157 176 190 205 206 210 213 242 266 276 288 318 319 328 332 342 349 375 380 398 401 418 423 427 439 444 446 476 481 584 632 645 653 672 718
125 220 221 231 295 313 343 355 356 454 492 518 519 522 536 551 552 587 624 630 635 636 638 644 648 649 655 656 676 678 679 684 692 695 696 697 699 702 707 710 716 720 721 722 723 725 727 729 731 732 733 737 738 739 740 741 742 745 746

23 114 178 373 571 685



23 357 454 459 497 515 521 531 568 647 658 674 687 715 734
8 17 46 105 106 115 136 172 176 180 185 205 264 294 328 330 332 342 384 399 430 431 436 442 454 466 483 484 505 506 520 541 544 545 547 548 553 554 555 580 601 608 610 619 623 637 647 648 649 653 682 683 689 692 693 700 701 703 724 730 736
26 40 58 119 192 259 262 319 320 322 328 329 333 347 350 371 378 404 444 469 494 520 527 560 565 566 573 590 615 616 633 650 671 714
5 7 20 36 37 44 51 54 56 59 69 73 80 83 88 89 100 110 114 131 138 139 144 151 153 157 162 167 178 179 187 214 219 227 240 243 246 247 251 253 254 266 279 281 283 284 304 305 306 309 321 327 348 373 374 383 400 409 411 433 486 493 511 516 530 531 532 534 558 564 571 574 585 591 592 600 609 619 647 654 658 717 721 744
19 20 21 74 89 95 96 113 130 145 170 222 240 285 323 325 342 357 358 388 424 436 438 441 461 488 497 500 559 572 614 615 616 622 669 705

22 23 357 358 411 443 497 500 514 515 521 532 543 588 589 607 619 674 685 686 687 711


40 65 81 86 165 191 209 327 360 362 363 454 459 464 567 663 673 719 726
12 16 17 19 20 21 26 27 28 29 35 39 40 58 60 61 62 63 64 65 67 68 76 77 81 86 87 89 90 95 96 105 113 115 116 119 125 126 127 135 136 140 145 146 149 150 151 155 159 165 171 189 190 191 192 195 196 198 199 205 206 207 208 209 210 213 222 228 234 246 259 267 268 281 282 285 287 288 291 292 294 308 309 319 322 323 327 328 329 330 331 332 333 342 345 347 349 350 354 359 363 364 365 367 369 371 372 375 376 378 379 388 396 398 399 401 402 404 405 408 410 411 412 422 426 433 436 438 441 442 444 458 461 462 469 481 483 484 488 489 492 494 497 499 502 506 508 516 523 524 526 527 545 555 556 560 565 566 567 568 570 572 573 577 580 586 628 634 663 669
12 13 16 17 19 26 27 28 29 35 39 40 58 62 64 65 67 68 76 77 81 85 86 89 95 105 113 115 116 118 119 124 125 126 127 135 136 140 141 146 150 151 155 159 160 165 188 189 190 191 192 195 198 199 205 206 207 209 210 213 219 228 234 246 259 266 267 268 280 282 285 288 291 292 294 302 308 309 318 319 321 323 324 327 328 331 332 333 342 347 349 350 359 360 362 363 364 365 367 369 371 372 375 376 380 390 396 398 401 402 403 404 405 410 411 412 422 423 426 427 433 441 442 444 459 460 461 462 464 469 481 482 491 494 495 497 499 502 516 524 527 550 556 567 568 572 580 586 590 622 632 634 663 688
45 70 105 115 136 175 176 180 185 255 294 330 399 400 414 421 431 535 541 547 569 577 586 602 626 647 651 664 683 686 698 700 705 743

130 199 223 232 369 414 461 479 509 514 572 617

28 39 62 63 76 81 140 159 171 191 234 268 323 325 333 359 378 396 408 422 426 442 494 505 527 560 567 576 578 631 669 697

8 17 19 20 28 29 35 40 60 62 64 67 76 81 119 124 127 135 146 150 151 165 170 195 196 198 205 207 209 219 222 228 232 234 259 267 280 282 286 288 291 292 294 304 309 316 328 331 332 333 342 345 357 359 365 375 390 399 403 405 411 426 431 462 466 469 481 489 497 502 508 516 544 568 590 601 608 619 628 634 647 658 685 715








8 9 12 34 35 40 63 74 105 106 115 125 136 144 149 165 180 185 189 198 281 285 294 322 325 326 330 339 350 384 388 431 436 438 442 454 458 462 463 466 470 474 483 484 488 496 505 506 508 520 522 526 527 535 541 545 548 559 560 563 565 569 576 578 607 614 615 617 620 631 633 640 653 657 681 708 709

233 329


